5.634583828438861630e-01
5.257030498500537830e-01
9.752588694618909981e-01
2.985698523170938756e+01
4.752730153341255259e-01
6.217110847054829748e-02
1.478102189781022036e-01
7.030357041815198382e-01
6.117948282691110240e-01
7.887738357947150503e-01
4.272053414813557076e-02
9.549595428054094004e-01
9.391444576472585126e-02
2.837081989475470856e+00
3.752037005601765340e+00
5.810417020313472847e+00
2.527301533412550372e-01
4.569965484071747963e-01
8.584054772817291123e+00
4.920952865953714728e+00
5.698310982855202766e+00
