4.959566852526929304e-01
4.993389161966104717e-01
1.553351441168585867e-01
7.113903534857763944e+00
4.993882019324580313e-01
2.414660674755184089e-01
3.549117610670963208e-01
4.569206745459372665e-01
4.873416833929557490e-01
4.081784802759779729e-01
2.022263338693394974e-01
2.073928986496231530e-01
2.917096546935500356e-01
1.113556640840991596e+00
8.155568869178456026e+00
1.006218936118626495e+01
4.345775223517212016e-01
4.981472705446688964e-01
2.852132936783260853e+00
1.029073521836267879e+00
2.175180590841770290e+00
